"caption","alt_caption","label","filein"
"Time series of spawning biomass (top) and fraction of unfished (bottom) for the sensitivity analyses related to ","Time series of spawning biomass (top) and fraction of unfished (bottom) for the sensitivity analyses related to ","sens_timeseries_n_star08_extras_with_h","../models/2021.n.023.001_fixWAreccatchhistory/custom_plots/sens_timeseries_n_star08_extras_with_h.png"
